Over 1 iterations:
Mean: 11.3876381498158
Median: 11.3876381498158
Max: 11.3876381498158
Min: 11.3876381498158
