Over 5000 iterations:
Mean: 14.645430065825407
Median: 14.634951152615177
Max: 22.56281407035176
Min: 9.574428196475441
