Over 1 iterations:
Mean: 16.379449838187703
Median: 16.379449838187703
Max: 16.379449838187703
Min: 16.379449838187703
