Over 5000 iterations:
Mean: 15.35040325858155
Median: 15.288920071114092
Max: 23.1438127090301
Min: 10.008207934336525
