Over 100 iterations:
Mean: 14.71569072362577
Median: 14.634141028867935
Max: 19.98148148148148
Min: 11.04258943781942
