Over 1000 iterations:
Mean: 15.287368395679223
Median: 15.227272727272727
Max: 21.992337164750957
Min: 11.11714156490276
