Over 1 iterations:
Mean: 14.101724137931033
Median: 14.101724137931033
Max: 14.101724137931033
Min: 14.101724137931033
