Over 1 iterations:
Mean: 14.153796653796654
Median: 14.153796653796654
Max: 14.153796653796654
Min: 14.153796653796654
