Over 1000 iterations:
Mean: 14.579742673326454
Median: 14.52106216111919
Max: 21.060606060606062
Min: 9.922118380062305
