Over 1000 iterations:
Mean: 13.073922531765144
Median: 13.096798989284233
Max: 18.792102206736352
Min: 8.585771276595745
