Over 1 iterations:
Mean: 16.775451559934318
Median: 16.775451559934318
Max: 16.775451559934318
Min: 16.775451559934318
