Over 5000 iterations:
Mean: 13.091520797331624
Median: 13.119496178826807
Max: 19.7972972972973
Min: 8.084911930874046
