Over 1000 iterations:
Mean: 13.599114000574035
Median: 13.58974358974359
Max: 19.892205638474294
Min: 8.666517055655296
