Over 1 iterations:
Mean: 17.19198312236287
Median: 17.19198312236287
Max: 17.19198312236287
Min: 17.19198312236287
