Over 5000 iterations:
Mean: 13.66400519065819
Median: 13.636214630779849
Max: 20.718954248366014
Min: 8.054600467611056
