Over 1 iterations:
Mean: 12.700822264389627
Median: 12.700822264389627
Max: 12.700822264389627
Min: 12.700822264389627
