Over 1 iterations:
Mean: 13.92286854861705
Median: 13.92286854861705
Max: 13.92286854861705
Min: 13.92286854861705
