Over 100 iterations:
Mean: 13.085139754769015
Median: 13.023465737021155
Max: 16.366438356164384
Min: 9.69601303528693
